post_transform= (400,)
gate_input_numpy= [ 0.41288622  0.43141733  0.44971401  0.53999352  0.47900235  0.44480253
  0.4229805   0.44628662  0.48827118  0.44233532  0.48990819  0.42418108
  0.47621736  0.48473277  0.46787559  0.52200274  0.48666467  0.42277844
  0.47015596  0.43047682  0.43812749  0.48209761  0.48891582  0.38485106
  0.42963267  0.4929198   0.46348095  0.44916011  0.42128758  0.41747107
  0.47280138  0.49053932  0.45552124  0.48602973  0.52003732  0.46668329
  0.46961161  0.42601131  0.47752651  0.43923337  0.42252453  0.43224342
  0.44739427  0.45125864  0.51901381  0.4376033   0.44346808  0.37787567
  0.46820522  0.43997979  0.46041422  0.44322831  0.47076686  0.41924798
  0.41363901  0.56874199  0.40857781  0.47594064  0.48354692  0.47954873
  0.46506579  0.45569271  0.36089727  0.56007091  0.50115438  0.47912491
  0.37627343  0.44708554  0.50562162  0.44348108  0.44575729  0.432464
  0.55140268  0.44305315  0.48927035  0.40504612  0.47614735  0.52256103
  0.45292745  0.4279726   0.45646057  0.51331314  0.51375901  0.47615745
  0.41657445  0.4521734   0.52264149  0.52031898  0.51385062  0.4857778
  0.52109523  0.44358857  0.40459746  0.50184904  0.39666225  0.48611084
  0.41861107  0.45778366  0.4856649   0.37057119]
gate_forget_numpy= [ 0.41652479  0.47195635  0.46475632  0.59753889  0.44006019  0.4467458
  0.4683511   0.51916538  0.52918526  0.42202891  0.53184362  0.44510997
  0.45939562  0.54103882  0.46888844  0.52407952  0.4765253   0.41290388
  0.48121775  0.52330828  0.49055277  0.50467268  0.47255188  0.35440255
  0.44473199  0.46947611  0.51771304  0.46296382  0.48017342  0.54273512
  0.49849662  0.49751269  0.54376112  0.52747384  0.62820898  0.49495123
  0.47528052  0.49110408  0.4794016   0.47048737  0.4906643   0.43854189
  0.4943962   0.4820301   0.45441607  0.44829927  0.43108573  0.54794062
  0.46833239  0.42467551  0.44587101  0.54502901  0.4423729   0.5050689
  0.42975037  0.54944505  0.46521897  0.46474715  0.45955429  0.53317361
  0.55169742  0.49417548  0.42822914  0.55110215  0.49825023  0.48681432
  0.42693866  0.45825335  0.54793442  0.46065501  0.55099465  0.45850077
  0.62198885  0.481632    0.52724526  0.56099103  0.50589083  0.50451392
  0.46154283  0.50051581  0.44168474  0.52739011  0.53123071  0.5599185
  0.48328581  0.4668498   0.55248566  0.51428171  0.48659539  0.46516637
  0.54198051  0.50921687  0.42742572  0.52339594  0.43022509  0.52426658
  0.50578611  0.50549692  0.48365105  0.47676127]
gate_output_numpy= [ 0.42254     0.42792321  0.4272462   0.51642694  0.45441243  0.45723888
  0.42848544  0.47388015  0.46163008  0.42569227  0.48293659  0.42558223
  0.44473971  0.46826914  0.45416193  0.47998987  0.46354497  0.39649058
  0.46387636  0.40205059  0.45512387  0.45249781  0.46409525  0.36020293
  0.43131205  0.4662307   0.44598631  0.45002182  0.44822196  0.44675
  0.44282818  0.43451839  0.45452488  0.47040883  0.52130449  0.46283885
  0.44895966  0.43620428  0.461449    0.47151784  0.44271279  0.4509316
  0.41333488  0.43516507  0.45939905  0.45803377  0.46139381  0.44293081
  0.45231933  0.46475133  0.42443666  0.50367643  0.46819608  0.45903545
  0.3955551   0.5016571   0.43433873  0.43889563  0.46716542  0.4660187
  0.48328239  0.47369166  0.39067176  0.4597319   0.47685352  0.4834596
  0.42219185  0.42117122  0.46360971  0.45999572  0.49164869  0.44806853
  0.49529376  0.45101086  0.50605195  0.46856274  0.47813158  0.48470048
  0.42819311  0.46257191  0.4687628   0.47491459  0.5117425   0.4880102
  0.45875929  0.43180894  0.50475218  0.47596826  0.47284676  0.43336741
  0.49026985  0.41439903  0.41888732  0.4987795   0.3766662   0.46442709
  0.43699815  0.47363057  0.48650349  0.3673591 ]
gate_pre_c_numpy= [ -1.50189987e-01   5.09282271e-02   7.43820318e-02   4.63878744e-01
  -1.10989314e-01  -1.97117513e-01  -1.02044911e-01   2.43457918e-01
   3.95171306e-01   2.79065485e-02  -2.80145217e-01   5.91422072e-02
  -8.72852929e-03   3.73422179e-01  -1.67343405e-01  -2.41944511e-01
  -2.52399647e-01  -8.12988400e-02   1.07336619e-01  -3.08748510e-02
  -1.64789775e-01  -1.62688434e-01  -1.47645793e-01  -1.68554420e-01
   1.31220012e-02  -2.99564110e-02  -1.05165878e-01  -6.47486800e-02
   8.78776768e-02   3.43013186e-02   5.33962180e-02  -1.60929405e-01
  -2.17539605e-01  -3.08475147e-01  -5.66659571e-01  -7.38842735e-02
   1.58011105e-02  -2.89766813e-01   1.18123038e-01  -2.03629406e-01
   3.49335947e-02   9.46357858e-02   1.22190778e-01  -9.15749872e-02
  -1.80175739e-01  -4.09616026e-03  -1.27082464e-01   6.80847173e-02
  -1.51161952e-01  -3.59957299e-01   5.38272171e-02   2.94562524e-01
  -5.73812908e-02   6.20282476e-02  -2.87765813e-02   4.32345193e-01
   1.15074185e-01   1.21484956e-01  -1.62971100e-01   1.46772357e-01
  -4.31648059e-01   2.55681852e-01   9.07323272e-02   3.46561718e-01
  -1.08376848e-01   2.77317295e-01  -7.90531882e-02  -1.17688163e-01
   3.54673050e-01  -1.42349037e-01   2.11428525e-01   2.39886364e-02
   5.48470472e-01  -1.07113298e-01  -1.45332354e-01   1.66714823e-01
  -2.16469621e-02   2.51350047e-01   2.07317605e-01   3.19757769e-02
   1.25740368e-01  -3.34997078e-01   3.98629044e-01  -3.22132355e-01
   6.64481474e-02  -7.71776692e-02   4.90729119e-01   2.47874184e-01
  -3.16690359e-01  -1.35030426e-01  -3.59458746e-01   1.21580322e-01
  -2.86925147e-03  -1.89325348e-01   9.16069998e-02   2.26924371e-01
   2.29495663e-01   1.04085156e-01  -1.02949103e-04  -1.24041875e-02]

